orientation:
  w: 1.0
  x: 0.0
  y: 0.0
  z: 0.0
position:
  x: 0.5811684678957276
  y: 0.8137832708551661
  z: 0.0
