orientation:
  w: 1.0
  x: 0.0
  y: 0.0
  z: 0.0
position:
  x: 0.13961133288813404
  y: 0.9902063803718892
  z: 0.0
