orientation:
  w: 1.0
  x: 0.0
  y: 0.0
  z: 0.0
position:
  x: 0.9975036665552446
  y: 0.07061469541705545
  z: 0.0
