orientation:
  w: 1.0
  x: 0.0
  y: 0.0
  z: 0.0
position:
  x: 0.3709545656880703
  y: 0.9286510163646918
  z: 0.0
