orientation:
  w: 1.0
  x: 0.0
  y: 0.0
  z: 0.0
position:
  x: 0.771714199225114
  y: -0.6359694919682398
  z: 0.0
