orientation:
  w: 1.0
  x: 0.0
  y: 0.0
  z: 0.0
position:
  x: 0.498184610767851
  y: -0.8670709853259333
  z: 0.0
