orientation:
  w: 1.0
  x: 0.0
  y: 0.0
  z: 0.0
position:
  x: 0.39077352446652713
  y: -0.9204868562755302
  z: 0.0
