orientation:
  w: 1.0
  x: 0.0
  y: 0.0
  z: 0.0
position:
  x: 0.5142767901999616
  y: 0.857624266833457
  z: 0.0
