orientation:
  w: 1.0
  x: 0.0
  y: 0.0
  z: 0.0
position:
  x: 0.9520815972941351
  y: 0.3058441303897272
  z: 0.0
