orientation:
  w: 1.0
  x: 0.0
  y: 0.0
  z: 0.0
position:
  x: 0.9916462362055913
  y: -0.12898737232490834
  z: 0.0
