orientation:
  w: 1.0
  x: 0.0
  y: 0.0
  z: 0.0
position:
  x: 0.9781668681432003
  y: -0.20782102412153344
  z: 0.0
