orientation:
  w: 1.0
  x: 0.0
  y: 0.0
  z: 0.0
position:
  x: 0.2956046436139787
  y: 0.9553103656267175
  z: 0.0
