orientation:
  w: 1.0
  x: 0.0
  y: 0.0
  z: 0.0
position:
  x: 0.9987842653512687
  y: -0.049294941796562464
  z: 0.0
