orientation:
  w: 1.0
  x: 0.0
  y: 0.0
  z: 0.0
position:
  x: -0.3131160565490856
  y: -0.9497148704380436
  z: 0.0
