orientation:
  w: 1.0
  x: 0.0
  y: 0.0
  z: 0.0
position:
  x: 0.4273243723455253
  y: -0.9040983800447288
  z: 0.0
