orientation:
  w: 1.0
  x: 0.0
  y: 0.0
  z: 0.0
position:
  x: 0.7574788982064944
  y: 0.652859647069625
  z: 0.0
