orientation:
  w: 1.0
  x: 0.0
  y: 0.0
  z: 0.0
position:
  x: 0.8909588282810885
  y: 0.45408409607471373
  z: 0.0
