orientation:
  w: 1.0
  x: 0.0
  y: 0.0
  z: 0.0
position:
  x: 0.8201255574721191
  y: -0.572183598140532
  z: 0.0
