orientation:
  w: 1.0
  x: 0.0
  y: 0.0
  z: 0.0
position:
  x: -0.09966528817112223
  y: 0.9950210200461934
  z: 0.0
