orientation:
  w: 1.0
  x: 0.0
  y: 0.0
  z: 0.0
position:
  x: 0.5481399980702095
  y: 0.8363865987183144
  z: 0.0
