orientation:
  w: 1.0
  x: 0.0
  y: 0.0
  z: 0.0
position:
  x: 0.5659416540887883
  y: -0.8244452948299519
  z: 0.0
