orientation:
  w: 1.0
  x: 0.0
  y: 0.0
  z: 0.0
position:
  x: 0.9960092173338517
  y: -0.08925042849201442
  z: 0.0
