orientation:
  w: 1.0
  x: 0.0
  y: 0.0
  z: 0.0
position:
  x: 0.745629797443697
  y: -0.666360416864681
  z: 0.0
