orientation:
  w: 1.0
  x: 0.0
  y: 0.0
  z: 0.0
position:
  x: -0.5960806419698373
  y: -0.8029245719672717
  z: 0.0
