orientation:
  w: 1.0
  x: 0.0
  y: 0.0
  z: 0.0
position:
  x: 0.3161021587686548
  y: -0.9487251578944221
  z: 0.0
