orientation:
  w: 1.0
  x: 0.0
  y: 0.0
  z: 0.0
position:
  x: 0.9999581828387448
  y: -0.009145084681696697
  z: 0.0
