orientation:
  w: 1.0
  x: 0.0
  y: 0.0
  z: 0.0
position:
  x: 0.7307715234381744
  y: 0.6826221359814298
  z: 0.0
