orientation:
  w: 1.0
  x: 0.0
  y: 0.0
  z: 0.0
position:
  x: -0.11817225767972611
  y: -0.9929931105072565
  z: 0.0
