orientation:
  w: 1.0
  x: 0.0
  y: 0.0
  z: 0.0
position:
  x: 0.9391307024130623
  y: 0.34356007303694114
  z: 0.0
