orientation:
  w: 1.0
  x: 0.0
  y: 0.0
  z: 0.0
position:
  x: 0.1211897313846225
  y: -0.9926293613463804
  z: 0.0
