orientation:
  w: 1.0
  x: 0.0
  y: 0.0
  z: 0.0
position:
  x: 0.8422358751151316
  y: -0.5391092010613882
  z: 0.0
