orientation:
  w: 1.0
  x: 0.0
  y: 0.0
  z: 0.0
position:
  x: 0.4793198973727773
  y: 0.8776402657026113
  z: 0.0
