orientation:
  w: 1.0
  x: 0.0
  y: 0.0
  z: 0.0
position:
  x: 0.9243319704770117
  y: 0.3815893189727469
  z: 0.0
