orientation:
  w: 1.0
  x: 0.0
  y: 0.0
  z: 0.0
position:
  x: 0.6742113826799241
  y: 0.7385384292403646
  z: 0.0
