orientation:
  w: 1.0
  x: 0.0
  y: 0.0
  z: 0.0
position:
  x: 0.2182233494447117
  y: 0.9758988522163202
  z: 0.0
