orientation:
  w: 1.0
  x: 0.0
  y: 0.0
  z: 0.0
position:
  x: 0.689920016133818
  y: -0.7238856065276559
  z: 0.0
