orientation:
  w: 1.0
  x: 0.0
  y: 0.0
  z: 0.0
position:
  x: 0.8631298289902959
  y: -0.5049820772138182
  z: 0.0
