orientation:
  w: 1.0
  x: 0.0
  y: 0.0
  z: 0.0
position:
  x: 0.9173975397820523
  y: -0.3979720517848429
  z: 0.0
