orientation:
  w: 1.0
  x: 0.0
  y: 0.0
  z: 0.0
position:
  x: 0.993875481080663
  y: 0.11050578313681436
  z: 0.0
