orientation:
  w: 1.0
  x: 0.0
  y: 0.0
  z: 0.0
position:
  x: 0.6299809205902738
  y: -0.7766106100821899
  z: 0.0
