orientation:
  w: 1.0
  x: 0.0
  y: 0.0
  z: 0.0
position:
  x: -0.5633472501208244
  y: -0.8262202344298434
  z: 0.0
