orientation:
  w: 1.0
  x: 0.0
  y: 0.0
  z: 0.0
position:
  x: 0.8519373068998741
  y: 0.5236437960218662
  z: 0.0
