orientation:
  w: 1.0
  x: 0.0
  y: 0.0
  z: 0.0
position:
  x: -0.4955421201291137
  y: -0.8685839091175608
  z: 0.0
