orientation:
  w: 1.0
  x: 0.0
  y: 0.0
  z: 0.0
position:
  x: 0.35370395661370124
  y: -0.9353574242372874
  z: 0.0
