orientation:
  w: 1.0
  x: 0.0
  y: 0.0
  z: 0.0
position:
  x: -0.3879990321710575
  y: -0.9216597805233353
  z: 0.0
