orientation:
  w: 1.0
  x: 0.0
  y: 0.0
  z: 0.0
position:
  x: -0.2749038566260973
  y: -0.9614717206512619
  z: 0.0
