orientation:
  w: 1.0
  x: 0.0
  y: 0.0
  z: 0.0
position:
  x: 0.6132184943505641
  y: 0.7899133358707315
  z: 0.0
