orientation:
  w: 1.0
  x: 0.0
  y: 0.0
  z: 0.0
position:
  x: -0.07828487658654669
  y: -0.9969310297597468
  z: 0.0
