orientation:
  w: 1.0
  x: 0.0
  y: 0.0
  z: 0.0
position:
  x: 0.44407014784436505
  y: 0.8959920221706685
  z: 0.0
