orientation:
  w: 1.0
  x: 0.0
  y: 0.0
  z: 0.0
position:
  x: 0.001415041624726139
  y: -0.999998998828099
  z: 0.0
