orientation:
  w: 1.0
  x: 0.0
  y: 0.0
  z: 0.0
position:
  x: 0.6441549405707493
  y: 0.764895033673441
  z: 0.0
