orientation:
  w: 1.0
  x: 0.0
  y: 0.0
  z: 0.0
position:
  x: -0.19722535922982581
  y: -0.980358178257654
  z: 0.0
