orientation:
  w: 1.0
  x: 0.0
  y: 0.0
  z: 0.0
position:
  x: 0.041480537607063314
  y: -0.9991393121080908
  z: 0.0
