orientation:
  w: 1.0
  x: 0.0
  y: 0.0
  z: 0.0
position:
  x: -0.4604306442711238
  y: -0.8876956808591996
  z: 0.0
