orientation:
  w: 1.0
  x: 0.0
  y: 0.0
  z: 0.0
position:
  x: -0.5299286488947522
  y: -0.8480422318968451
  z: 0.0
