orientation:
  w: 1.0
  x: 0.0
  y: 0.0
  z: 0.0
position:
  x: -0.3508993953857428
  y: -0.9364131643232704
  z: 0.0
