orientation:
  w: 1.0
  x: 0.0
  y: 0.0
  z: 0.0
position:
  x: 0.7965068573197285
  y: -0.6046294950154596
  z: 0.0
