orientation:
  w: 1.0
  x: 0.0
  y: 0.0
  z: 0.0
position:
  x: -0.1576398226882426
  y: -0.9874966766034301
  z: 0.0
