orientation:
  w: 1.0
  x: 0.0
  y: 0.0
  z: 0.0
position:
  x: 0.06001286009294148
  y: 0.998197603996055
  z: 0.0
