orientation:
  w: 1.0
  x: 0.0
  y: 0.0
  z: 0.0
position:
  x: 0.9584301993307726
  y: -0.2853270982763041
  z: 0.0
