orientation:
  w: 1.0
  x: 0.0
  y: 0.0
  z: 0.0
position:
  x: 0.16087883250630045
  y: -0.9869741644295507
  z: 0.0
