orientation:
  w: 1.0
  x: 0.0
  y: 0.0
  z: 0.0
position:
  x: -0.03846518336012171
  y: -0.9992599409908676
  z: 0.0
