orientation:
  w: 1.0
  x: 0.0
  y: 0.0
  z: 0.0
position:
  x: 0.9462583406550859
  y: -0.32341173871812917
  z: 0.0
