orientation:
  w: 1.0
  x: 0.0
  y: 0.0
  z: 0.0
position:
  x: 0.8302139108669605
  y: 0.5574449409609765
  z: 0.0
