orientation:
  w: 1.0
  x: 0.0
  y: 0.0
  z: 0.0
position:
  x: 0.9636015610829364
  y: 0.2673425358571435
  z: 0.0
