orientation:
  w: 1.0
  x: 0.0
  y: 0.0
  z: 0.0
position:
  x: 0.46308305946102
  y: -0.8863148876331828
  z: 0.0
