orientation:
  w: 1.0
  x: 0.0
  y: 0.0
  z: 0.0
position:
  x: 0.7183526531561999
  y: -0.6956791399082255
  z: 0.0
