orientation:
  w: 1.0
  x: 0.0
  y: 0.0
  z: 0.0
position:
  x: 0.09994214134110557
  y: 0.9949932504214059
  z: 0.0
