orientation:
  w: 1.0
  x: 0.0
  y: 0.0
  z: 0.0
position:
  x: -0.17888239574485507
  y: 0.9838704632687074
  z: 0.0
