orientation:
  w: 1.0
  x: 0.0
  y: 0.0
  z: 0.0
position:
  x: 0.3336824904557764
  y: 0.9426855231535226
  z: 0.0
