orientation:
  w: 1.0
  x: 0.0
  y: 0.0
  z: 0.0
position:
  x: 0.2002228469908863
  y: -0.9797503822621679
  z: 0.0
