orientation:
  w: 1.0
  x: 0.0
  y: 0.0
  z: 0.0
position:
  x: 0.9995260431594326
  y: 0.030784558565099415
  z: 0.0
