orientation:
  w: 1.0
  x: 0.0
  y: 0.0
  z: 0.0
position:
  x: 0.807248204940112
  y: 0.5902121107034038
  z: 0.0
