orientation:
  w: 1.0
  x: 0.0
  y: 0.0
  z: 0.0
position:
  x: 0.9325658809615726
  y: -0.3609998305627941
  z: 0.0
