orientation:
  w: 1.0
  x: 0.0
  y: 0.0
  z: 0.0
position:
  x: 0.9007108214877105
  y: -0.43441917091092286
  z: 0.0
