orientation:
  w: 1.0
  x: 0.0
  y: 0.0
  z: 0.0
position:
  x: 0.2572486693743363
  y: 0.9663452396039075
  z: 0.0
