orientation:
  w: 1.0
  x: 0.0
  y: 0.0
  z: 0.0
position:
  x: 0.9086915676448123
  y: 0.4174681244013888
  z: 0.0
