orientation:
  w: 1.0
  x: 0.0
  y: 0.0
  z: 0.0
position:
  x: 0.6606314905175749
  y: -0.750710352756992
  z: 0.0
