orientation:
  w: 1.0
  x: 0.0
  y: 0.0
  z: 0.0
position:
  x: 0.5984574905571352
  y: -0.8011545618643487
  z: 0.0
