orientation:
  w: 1.0
  x: 0.0
  y: 0.0
  z: 0.0
position:
  x: -0.13942042526162987
  y: 0.9902332780814157
  z: 0.0
