orientation:
  w: 1.0
  x: 0.0
  y: 0.0
  z: 0.0
position:
  x: 0.9690909778926062
  y: -0.2467036209040154
  z: 0.0
