orientation:
  w: 1.0
  x: 0.0
  y: 0.0
  z: 0.0
position:
  x: 0.020077004031756086
  y: 0.9997984366406605
  z: 0.0
