orientation:
  w: 1.0
  x: 0.0
  y: 0.0
  z: 0.0
position:
  x: 0.7829843693785469
  y: 0.6220413790969852
  z: 0.0
