orientation:
  w: 1.0
  x: 0.0
  y: 0.0
  z: 0.0
position:
  x: 0.40726217815612653
  y: 0.9133112931763887
  z: 0.0
