orientation:
  w: 1.0
  x: 0.0
  y: 0.0
  z: 0.0
position:
  x: 0.08139330064033808
  y: -0.9966820609456516
  z: 0.0
