orientation:
  w: 1.0
  x: 0.0
  y: 0.0
  z: 0.0
position:
  x: 0.9886739667727912
  y: 0.15007927047315264
  z: 0.0
