orientation:
  w: 1.0
  x: 0.0
  y: 0.0
  z: 0.0
position:
  x: 0.9856960855958175
  y: -0.1685325690811213
  z: 0.0
