orientation:
  w: 1.0
  x: 0.0
  y: 0.0
  z: 0.0
position:
  x: 0.5325056066504513
  y: -0.8464264757708343
  z: 0.0
