orientation:
  w: 1.0
  x: 0.0
  y: 0.0
  z: 0.0
position:
  x: 0.23920795709410106
  y: -0.9709683585281585
  z: 0.0
