orientation:
  w: 1.0
  x: 0.0
  y: 0.0
  z: 0.0
position:
  x: -0.23622139306804946
  y: -0.97169926080912
  z: 0.0
