orientation:
  w: 1.0
  x: 0.0
  y: 0.0
  z: 0.0
position:
  x: 0.17914450904662926
  y: 0.9838227710713155
  z: 0.0
