orientation:
  w: 1.0
  x: 0.0
  y: 0.0
  z: 0.0
position:
  x: -0.01982303552047102
  y: 0.9998035043261021
  z: 0.0
