orientation:
  w: 1.0
  x: 0.0
  y: 0.0
  z: 0.0
position:
  x: 0.8723946513510175
  y: 0.4888021811470738
  z: 0.0
