orientation:
  w: 1.0
  x: 0.0
  y: 0.0
  z: 0.0
position:
  x: 0.8826869952327179
  y: -0.46996134782238846
  z: 0.0
