orientation:
  w: 1.0
  x: 0.0
  y: 0.0
  z: 0.0
position:
  x: -0.3333442970512165
  y: 0.9428051652507162
  z: 0.0
