orientation:
  w: 1.0
  x: 0.0
  y: 0.0
  z: 0.0
position:
  x: -0.29545553831053467
  y: 0.9553564909925677
  z: 0.0
