orientation:
  w: 1.0
  x: 0.0
  y: 0.0
  z: 0.0
position:
  x: -0.47945166799474814
  y: 0.8775682868341664
  z: 0.0
