orientation:
  w: 1.0
  x: 0.0
  y: 0.0
  z: 0.0
position:
  x: -0.8075150588590272
  y: 0.5898469544855699
  z: 0.0
