orientation:
  w: 1.0
  x: 0.0
  y: 0.0
  z: 0.0
position:
  x: -0.731046928839209
  y: 0.6823271853258966
  z: 0.0
