orientation:
  w: 1.0
  x: 0.0
  y: 0.0
  z: 0.0
position:
  x: -0.5140602295234677
  y: 0.8577540908805272
  z: 0.0
