orientation:
  w: 1.0
  x: 0.0
  y: 0.0
  z: 0.0
position:
  x: -0.44385449871238264
  y: 0.8960988695299082
  z: 0.0
