orientation:
  w: 1.0
  x: 0.0
  y: 0.0
  z: 0.0
position:
  x: -0.5479461900002768
  y: 0.8365135819962403
  z: 0.0
