orientation:
  w: 1.0
  x: 0.0
  y: 0.0
  z: 0.0
position:
  x: -0.6131498206592388
  y: 0.7899666432359933
  z: 0.0
