orientation:
  w: 1.0
  x: 0.0
  y: 0.0
  z: 0.0
position:
  x: -0.40763932339804065
  y: 0.9131430238574829
  z: 0.0
