orientation:
  w: 1.0
  x: 0.0
  y: 0.0
  z: 0.0
position:
  x: -0.5809747731853326
  y: 0.8139215643550989
  z: 0.0
