orientation:
  w: 1.0
  x: 0.0
  y: 0.0
  z: 0.0
position:
  x: -0.21834102584442863
  y: 0.9758725308323841
  z: 0.0
