orientation:
  w: 1.0
  x: 0.0
  y: 0.0
  z: 0.0
position:
  x: -0.6742924758098597
  y: 0.7384643911971719
  z: 0.0
