orientation:
  w: 1.0
  x: 0.0
  y: 0.0
  z: 0.0
position:
  x: -0.7834923484713526
  y: 0.6214014321570595
  z: 0.0
