orientation:
  w: 1.0
  x: 0.0
  y: 0.0
  z: 0.0
position:
  x: -0.7031871000942851
  y: 0.7110048538941136
  z: 0.0
