orientation:
  w: 1.0
  x: 0.0
  y: 0.0
  z: 0.0
position:
  x: -0.3708014720466181
  y: 0.9287121557985881
  z: 0.0
