orientation:
  w: 1.0
  x: 0.0
  y: 0.0
  z: 0.0
position:
  x: -0.2569408875004763
  y: 0.9664271210652501
  z: 0.0
