orientation:
  w: 1.0
  x: 0.0
  y: 0.0
  z: 0.0
position:
  x: -0.6441225823575448
  y: 0.7649222829131388
  z: 0.0
