orientation:
  w: 1.0
  x: 0.0
  y: 0.0
  z: 0.0
position:
  x: -0.7577841097081227
  y: 0.6525053586552895
  z: 0.0
